0.10061980347694634
0.3173393801965231
11.818956916099774
16.207528344671204
17.360786092214664
18.521783824640966
20.24780045351474
20.541919879062736
20.68123960695389
20.82829931972789
21.114678760393048
21.408798185941045
21.6951776266062
21.849977324263037
21.981557067271353
22.267936507936508
22.562055933484505
22.995495086923658
23.127074829931974
23.281874527588812
23.42119425547997
23.560513983371127
23.707573696145126
24.14875283446712
24.288072562358277
24.427392290249433
24.56671201814059
24.713771730914587
24.860831443688586
25.154950869236583
25.441330309901737
25.59613000755858
25.727709750566895
25.874769463340893
26.021829176114892
26.308208616780046
26.463008314436888
26.5945880574452
26.880967498110355
27.175086923658352
27.46920634920635
27.608526077097505
27.74784580498866
27.89490551776266
28.03422524565382
28.181284958427817
28.320604686318973
28.622464096749813
28.76178382464097
28.901103552532124
29.048163265306123
29.179743008314436
29.334542705971277
29.473862433862433
29.76798185941043
30.062101284958427
30.216900982615268
30.340740740740742
30.49554043839758
30.63486016628874
30.928979591836736
31.076039304610735
31.21535903250189
31.493998488284202
31.7881179138322
32.08997732426304
32.221557067271355
32.36087679516251
32.51567649281935
32.64725623582766
32.794315948601664
32.93363567649282
33.235495086923656
33.37481481481481
33.521874527588814
33.66119425547997
33.800513983371125
33.94757369614513
34.09463340891912
34.38101284958428
34.67513227513228
34.82993197278912
34.95377173091459
35.10857142857143
35.247891156462586
35.54201058201058
35.68907029478458
35.828390022675734
35.983189720332575
36.10702947845805
36.40114890400605
36.69526832955405
36.84232804232804
36.9816477702192
37.275767195767195
37.56214663643235
37.77112622826908
38.13490551776266
38.30518518518519
38.42902494331066
38.715404383975816
39.00178382464097
39.14110355253212
39.288163265306125
39.86866213151927
40.15504157218443
40.30984126984127
40.44916099773243
40.59622071050642
40.72780045351474
41.021919879062736
41.31603930461073
41.45535903250189
41.594678760393045
41.74173847316705
41.8810582010582
42.0281179138322
42.16743764172335
42.4692970521542
42.60861678004535
42.74793650793651
42.8949962207105
43.02657596371882
43.18137566137566
43.32069538926682
43.614814814814814
43.90893424036281
44.06373393801965
44.18757369614512
44.334633408919125
44.48169312169312
44.77581254724112
44.92287226001512
45.062191987906274
45.340831443688586
45.63495086923658
45.92907029478458
46.068390022675736
46.20770975056689
46.354769463340894
46.49408919123205
46.641148904006045
46.7804686318972
47.082328042328044
47.2216477702192
47.368707482993194
47.50802721088435
47.63960695389267
47.79440665154951
47.933726379440664
48.23558578987151
48.52196523053666
48.6767649281935
48.808344671201816
48.95540438397581
49.09472411186697
49.388843537414964
49.535903250188966
49.67522297808012
49.95386243386243
50.24798185941043
50.68916099773243
50.82074074074074
50.97554043839758
51.114860166288736
51.25417989417989
51.39349962207105
51.69535903250189
51.842418745275886
51.98173847316704
52.121058201058204
52.26037792894936
52.407437641723355
52.55449735449736
52.848616780045354
53.134996220710505
53.289795918367346
53.42137566137566
53.56843537414966
53.71549508692366
54.00187452758881
54.14893424036281
54.28825396825397
54.44305366591081
54.57463340891913
54.868752834467124
55.16287226001512
55.302191987906276
55.44151171579743
55.73563114134543
56.02201058201058
56.31613000755858
56.59476946334089
56.765049130763416
56.888888888888886
57.175268329554044
57.4616477702192
57.60096749811036
57.7557671957672
58.212426303854876
58.32852607709751
58.76196523053666
59.19540438397581
59.37342403628118
59.48952380952381
59.69850340136055
59.9307029478458
60.06228269085412
60.20934240362812
60.348662131519276
60.49572184429327
60.63504157218443
60.93690098261527
61.083960695389266
61.21554043839758
61.494179894179894
61.63349962207105
61.78055933484505
62.368798185941046
62.655177626606196
62.82545729402872
62.941557067271354
63.258896447467876
63.39821617535903
63.53753590325019
63.8161753590325
64.10255479969766
64.30379440665155
64.39667422524565
64.54373393801966
64.67531368102797
65.11649281934996
65.24807256235827
65.54219198790628
65.69699168556312
65.83631141345427
66.11495086923658
66.28523053665911
66.40133030990174
66.69544973544974
66.98182917611489
67.06696900982615
67.27594860166289
67.43848828420256
67.56232804232805
67.87192743764173
68.01898715041573
68.15056689342404
68.42920634920635
68.71558578987151
69.1567649281935
69.28834467120181
69.4508843537415
69.58246409674982
69.72952380952381
69.86884353741496
70.17070294784581
70.31002267573696
70.44934240362812
70.62736205593349
70.72798185941043
71.02210128495842
71.31622071050643
71.47102040816327
71.59486016628874
72.17535903250189
72.48495842781557
72.63201814058957
72.77133786848073
73.04997732426304
73.3363567649282
73.9091156462585
74.2032350718065
74.34255479969765
74.48187452758881
74.78373393801965
74.93079365079365
75.06237339380196
75.34101284958427
75.63513227513228
76.21563114134543
76.50975056689343
76.66455026455026
76.78839002267574
77.24504913076342
77.38436885865457
77.66300831443688
77.81780801209372
77.94938775510204
78.52214663643235
78.81626606198034
78.96332577475435
79.09490551776265
79.3967649281935
79.5438246409675
79.68314436885865
79.96178382464096
80.1165835222978
80.24816326530612
80.82866213151928
81.13052154195012
81.40142101284958
81.71876039304611
81.8658201058201
81.99739984882842
82.27603930461073
82.56241874527589
82.85653817082388
83.1351776266062
83.42155706727135
83.57635676492819
83.71567649281936
84.15685563114134
84.2961753590325
84.57481481481481
84.86893424036282
85.44169312169312
85.74355253212396
86.02219198790627
86.2853514739229
86.47885109599396
86.61817082388511
86.88907029478457
87.05160997732426
87.17544973544973
87.74820861678005
88.04232804232804
88.18938775510205
88.3287074829932
88.63056689342403
88.77762660619804
88.90920634920634
89.18784580498867
89.48196523053666
89.77608465608466
90.0624640967498
90.34884353741496
90.51138321995465
90.63522297808012
91.0918820861678
91.23120181405896
91.50984126984127
91.66464096749812
91.79622071050642
92.36897959183673
92.64761904761905
92.94947845804988
93.38291761148903
93.52997732426304
93.81635676492819
93.97115646258503
94.23431594860166
94.37363567649282
