1.787936507936508
1.9582161753590326
2.082055933484505
2.36843537414966
2.8250944822373394
3.111473922902494
3.3978533635676493
3.5526530612244898
3.8080725623582765
4.102191987906274
4.373091458805744
4.96907029478458
5.255449735449735
5.541829176114891
6.1455479969765685
6.408707482993197
6.695086923658352
6.989206349206349
7.275585789871504
7.445865457294029
7.732244897959184
8.018624338624338
8.14246409674981
8.428843537414966
8.71522297808012
9.001602418745275
9.868480725623582
10.154860166288739
10.73535903250189
11.021738473167044
11.19201814058957
11.315857898715041
11.602237339380196
11.888616780045352
12.058896447467877
12.345275888133031
12.631655328798185
12.75549508692366
13.041874527588813
13.328253968253968
13.622373393801965
14.195132275132275
14.48151171579743
14.938170823885109
15.348390022675737
15.634769463340891
15.928888888888888
16.215268329554043
16.501647770219197
16.795767195767194
17.252426303854875
17.37626606198035
17.53880574452003
17.832925170068027
17.949024943310658
18.514043839758127
18.815903250188963
19.102282690854118
19.388662131519276
19.969160997732427
20.25554043839758
20.82829931972789
21.28495842781557
21.849977324263037
22.267936507936508
22.562055933484505
22.856175359032502
23.42893424036281
23.71531368102797
23.99395313681028
24.860831443688586
25.44907029478458
25.735449735449734
25.882509448223733
26.16888888888889
26.463008314436888
26.602328042328043
26.880967498110355
27.175086923658352
27.46920634920635
28.041965230536658
28.328344671201815
28.61472411186697
28.89336356764928
29.07912320483749
29.481602418745275
29.775721844293273
30.062101284958427
30.63486016628874
31.076039304610735
31.223099017384733
31.393378684807256
31.7881179138322
32.24477702191988
32.65499622071051
32.794315948601664
33.521874527588814
33.97853363567649
34.27265306122449
34.55903250188965
34.67513227513228
34.969251700680275
35.255631141345425
35.68907029478458
35.83613000755858
36.40888888888889
36.9816477702192
37.275767195767195
37.56988662131519
37.8485260770975
38.42902494331066
38.70766439909297
39.00178382464097
39.58228269085412
40.0389417989418
40.30984126984127
41.021919879062736
41.594678760393045
42.05907785336357
42.34545729402872
42.639576719576716
42.75567649281935
43.034315948601666
43.32069538926682
43.614814814814814
43.90893424036281
44.19531368102797
44.36559334845049
44.651972789115646
45.2324716553288
45.63495086923658
46.20770975056689
46.641148904006045
47.082328042328044
47.5157671957672
47.64734693877551
47.94146636432351
48.23558578987151
48.52196523053666
48.808344671201816
49.10246409674981
49.27274376417233
49.68296296296296
49.84550264550265
50.139622071050646
50.25572184429327
50.828480725623585
51.69535903250189
52.26037792894936
52.55449735449736
53.134996220710505
53.4291156462585
53.88577475434618
54.15667422524565
54.28051398337113
54.44305366591081
54.868752834467124
55.42603174603175
55.74337112622827
56.029750566893426
56.30839002267574
56.888888888888886
57.175268329554044
57.407467876039306
57.7557671957672
58.04214663643235
58.212426303854876
58.49880574452003
59.19540438397581
59.48952380952381
60.06228269085412
60.21708238851096
60.63504157218443
61.37034013605442
61.78055933484505
62.368798185941046
62.655177626606196
62.82545729402872
63.40595616024187
63.52979591836735
63.80843537414966
64.10255479969766
64.38893424036281
64.67531368102797
65.25581254724112
65.54219198790628
65.83631141345427
66.11495086923658
66.69544973544974
66.98182917611489
67.43848828420256
68.01898715041573
68.1428269085412
68.42920634920635
68.71558578987151
69.28834467120181
69.86884353741496
71.02210128495842
71.31622071050643
71.8812396069539
72.35337868480725
72.63201814058957
73.3363567649282
73.9091156462585
74.48961451247166
74.7759939531368
75.34875283446712
75.64287226001511
76.21563114134543
77.25278911564625
77.37662887377174
78.52214663643235
78.81626606198034
79.27292517006802
79.55930461073318
79.68314436885865
80.82866213151928
82.56241874527589
84.2961753590325
84.46645502645502
84.86893424036282
85.16305366591081
85.44169312169312
86.77297052154195
87.17544973544973
87.7559486016629
88.04232804232804
88.78536659108087
88.90920634920634
89.18784580498867
89.4897052154195
89.77608465608466
90.0624640967498
90.35658352229781
90.64296296296297
90.92934240362811
91.79622071050642
92.36897959183673
93.24359788359789
95.44175359032502
96.40925170068027
97.3148299319728
97.4464096749811
97.86436885865457
98.7157671957672
99.00214663643236
99.31174603174603
99.60586545729403
99.75292517006802
99.91546485260771
100.03156462585034
100.32568405139834
100.61980347694633
100.73590325018897
101.02228269085413
101.60278155706727
101.88916099773243
102.05944066515495
102.57801965230537
